0 0 1
1 0 1
2 0 1
3 0 1
4 0 1
5 0 1
6 0 1
7 0 1
8 0 1
9 0 1
10 0 1
11 0 1
12 0 1
13 0 1
14 0 1
15 0 1
16 0 1
17 0 1
18 0 1
19 0 1
20 0 1
21 0 1
22 0 1
23 0 1
24 0 2
25 0 2
26 0.808943 2
27 0.926829 1
28 0 2
29 0.707317 1
30 0.841463 1.57848
31 0.934959 1
32 0.0609756 1
33 0.772358 1
34 0.134146 1.64199
35 0.182927 1.5089
36 0.52439 1
37 0.849594 1
38 0.487805 1.37105
39 0.479675 1
40 0.560976 1.69846
41 0 1
42 0.678862 1.31802
43 0.45935 1.49199
44 0 1
45 0.99187 1
46 0.934959 1.2814
47 0.504065 1.45873
48 0.341463 1.31802
49 0.256098 1.34807
50 1 1
51 1 1
52 0.658537 1.2742
53 0.666667 1.28864
54 1 1.30325
55 0.219512 1
56 0.853659 1.28864
57 0.597561 1.2388
58 0.955285 1
59 0.837398 1
60 0.117886 1.0228
61 0.365854 1
62 0.276423 1.17754
63 0.699187 1.15129
64 0.308943 1
65 0 1
66 0.634146 1.2742
67 0.869919 1
68 0.691057 1
69 0 1
70 0.47561 1
71 0.170732 1
72 0.565041 1
73 0.768293 1.28864
74 0.353659 1.57848
75 0.642276 1
76 0.292683 1
77 0.813008 1
78 0.280488 1
79 0.597561 1
80 0.0528455 1.17092
81 0.569106 0.78924
82 0.361789 1
83 0.833333 1.2388
84 0.239837 1.4836
85 0.569106 0.729366
86 0.410569 1
87 0.239837 1
88 0.650406 1.18419
89 0.0772358 1
90 0.207317 1.53463
91 0.569106 1
92 0.764228 1.30325
93 0 1
94 0.605691 1.04611
95 0 1.35569
96 0 1.44238
97 0 1
98 0 1
99 0 1
100 0.678862 1
101 0 1.34807
102 0 1.32547
103 0 1.51743
104 0 1.35569
105 0 1.37105
106 0.317073 1.49199
107 0 1
108 0 1
109 0 1
110 0 1
111 0 1
112 0 1
113 0 1
114 0 1
115 0 1
116 0 1
117 0 1
118 0 1
119 0 1
120 0 1
121 0 1
122 0 1
123 0 1
124 0 1
125 0 1
126 0 1
127 0 1
