0 0 958 317 276
0 1 958 318 276
0 2 32767 32766 32767
0 3 32767 32766 32767
1 0 -4 1111 1165
1 1 -4 1106 1165
1 2 -5 1101 1159
1 3 32767 -32768 32767
2 0 1001 330 290
2 1 1001 330 290
2 2 32767 32766 32767
2 3 32767 32766 32767
3 0 603 302 271
3 1 32767 32766 32767
3 2 32767 32766 32767
3 3 32767 32766 32767
4 0 30 881 923
4 1 30 883 923
4 2 0 848 889
4 3 32767 -32768 32767
5 0 526 262 228
5 1 32767 32766 32767
5 2 32767 32766 32767
5 3 32767 32766 32767
6 0 -14 973 1012
6 1 -14 974 1013
6 2 -14 972 1011
6 3 32767 -32768 32767
7 0 932 347 317
7 1 32767 32766 32767
7 2 32767 32766 32767
7 3 32767 32766 32767
8 0 1104 400 353
8 1 32767 32766 32767
8 2 32767 32766 32767
8 3 32767 32766 32767
9 0 -14 1146 1190
9 1 -14 1147 1191
9 2 -14 1144 1189
9 3 32767 -32768 32767
10 0 1169 376 336
10 1 32767 32766 32767
10 2 32767 32766 32767
10 3 32767 32766 32767
11 0 5 997 1030
11 1 5 998 1032
11 2 5 995 1029
11 3 32767 -32768 32767
12 0 1197 385 336
12 1 32767 32766 32767
12 2 32767 32766 32767
12 3 32767 32766 32767
13 0 4 1134 1175
13 1 4 1135 1175
13 2 4 1133 1172
13 3 32767 -32768 32767
14 0 1114 373 337
14 1 1171 426 389
14 2 1115 373 337
14 3 1113 372 336
15 0 1253 449 393
15 1 1261 456 399
15 2 1253 449 394
15 3 1252 448 393
16 0 15 1022 1115
16 1 14 1023 1114
16 2 18 1022 1114
16 3 32767 -32768 32767
17 0 1474 546 477
17 1 1452 515 455
17 2 32767 32766 32767
17 3 32767 32766 32767
18 0 15 885 997
18 1 15 886 997
18 2 17 886 996
18 3 32767 -32768 32767
19 0 1150 437 389
19 1 1148 437 388
19 2 32767 32766 32767
19 3 32767 32766 32767
20 0 1453 554 496
20 1 32767 32766 32767
20 2 32767 32766 32767
20 3 32767 32766 32767
21 0 17 1012 1081
21 1 17 1012 1082
21 2 17 1011 1080
21 3 32767 -32768 32767
22 0 1078 368 323
22 1 32767 32766 32767
22 2 32767 32766 32767
22 3 32767 32766 32767
23 0 24 1288 1383
23 1 23 1289 1385
23 2 23 1287 1381
23 3 32767 -32768 32767
24 0 1094 357 312
24 1 32767 32766 32767
24 2 32767 32766 32767
24 3 32767 32766 32767
25 0 8 714 818
25 1 8 712 818
25 2 8 713 816
25 3 32767 -32768 32767
26 0 898 352 314
26 1 32767 32766 32767
26 2 32767 32766 32767
26 3 32767 32766 32767
27 0 723 267 240
27 1 723 266 240
27 2 32767 32766 32767
27 3 32767 32766 32767
28 0 115 1112 1145
28 1 115 1114 1147
28 2 89 1085 1118
28 3 32767 -32768 32767
29 0 1174 394 337
29 1 1174 393 336
29 2 32767 32766 32767
29 3 32767 32766 32767
30 0 85 982 1056
30 1 84 981 1057
30 2 69 965 1041
30 3 32767 -32768 32767
31 0 941 385 343
31 1 32767 32766 32767
31 2 32767 32766 32767
31 3 32767 32766 32767
32 0 960 319 291
32 1 32767 32766 32767
32 2 32767 32766 32767
32 3 32767 32766 32767
33 0 9 1160 1247
33 1 9 1160 1246
33 2 9 1159 1247
33 3 32767 -32768 32767
34 0 568 207 181
34 1 32767 32766 32767
34 2 32767 32766 32767
34 3 32767 32766 32767
35 0 7 1022 1092
35 1 8 1023 1091
35 2 7 1022 1091
35 3 32767 -32768 32767
36 0 735 242 202
36 1 32767 32766 32767
36 2 32767 32766 32767
36 3 32767 32766 32767
37 0 52 1019 1078
37 1 52 1019 1077
37 2 52 1019 1077
37 3 32767 -32768 32767
38 0 705 247 214
38 1 32767 32766 32767
38 2 32767 32766 32767
38 3 32767 32766 32767
39 0 899 306 283
39 1 32767 32766 32767
39 2 32767 32766 32767
39 3 32767 32766 32767
40 0 7 816 898
40 1 7 814 898
40 2 7 813 898
40 3 32767 -32768 32767
41 0 851 607 221
41 1 881 637 251
41 2 851 608 221
41 3 851 606 221
42 0 18 1166 1284
42 1 14 1165 1281
42 2 16 1163 1281
42 3 32767 -32768 32767
43 0 545 209 185
43 1 553 217 194
43 2 545 209 185
43 3 544 209 185
44 0 725 264 239
44 1 698 242 217
44 2 32767 32766 32767
44 3 32767 32766 32767
45 0 33 1185 1277
45 1 33 1186 1279
45 2 20 1172 1265
45 3 32767 -32768 32767
46 0 482 195 173
46 1 481 194 172
46 2 32767 32766 32767
46 3 32767 32766 32767
47 0 71 1401 1486
47 1 72 1402 1486
47 2 72 1400 1486
47 3 32767 -32768 32767
48 0 609 242 210
48 1 32767 32766 32767
48 2 32767 32766 32767
48 3 32767 32766 32767
49 0 63 1143 1251
49 1 63 1143 1252
49 2 63 1143 1252
49 3 32767 -32768 32767
50 0 495 219 195
50 1 32767 32766 32767
50 2 32767 32766 32767
50 3 32767 32766 32767
51 0 577 228 207
51 1 32767 32766 32767
51 2 32767 32766 32767
51 3 32767 32766 32767
52 0 92 950 992
52 1 93 949 992
52 2 93 948 992
52 3 32767 -32768 32767
53 0 690 262 231
53 1 32767 32766 32767
53 2 32767 32766 32767
53 3 32767 32766 32767
54 0 54 1184 1209
54 1 54 1184 1209
54 2 54 1182 1208
54 3 32767 -32768 32767
55 0 1193 429 373
55 1 32767 32766 32767
55 2 32767 32766 32767
55 3 32767 32766 32767
56 0 1974 697 636
56 1 32767 32766 32767
56 2 32767 32766 32767
56 3 32767 32766 32767
57 0 18 943 1013
57 1 58 985 1056
57 2 59 986 1056
57 3 32767 -32768 32767
58 0 1239 480 436
58 1 32767 32766 32767
58 2 32767 32766 32767
58 3 32767 32766 32767
59 0 53 990 1083
59 1 54 992 1084
59 2 2 937 1030
59 3 32767 -32768 32767
60 0 1346 437 390
60 1 1347 437 390
60 2 32767 32766 32767
60 3 32767 32766 32767
61 0 11 936 1015
61 1 11 939 1016
61 2 11 936 1016
61 3 32767 -32768 32767
62 0 1426 491 438
62 1 1426 491 438
62 2 32767 32766 32767
62 3 32767 32766 32767
63 0 1365 514 474
63 1 32767 32766 32767
63 2 32767 32766 32767
63 3 32767 32766 32767
64 0 41 1078 1160
64 1 41 1079 1160
64 2 41 1086 1159
64 3 32767 -32768 32767
65 0 1108 392 352
65 1 32767 32766 32767
65 2 32767 32766 32767
65 3 32767 32766 32767
66 0 46 996 1047
66 1 47 997 1048
66 2 46 997 1046
66 3 32767 -32768 32767
67 0 824 302 271
67 1 32767 32766 32767
67 2 32767 32766 32767
67 3 32767 32766 32767
68 0 1030 430 394
68 1 32767 32766 32767
68 2 32767 32766 32767
68 3 32767 32766 32767
69 0 -1 981 1001
69 1 -1 981 1001
69 2 -1 980 1000
69 3 32767 -32768 32767
70 0 620 237 207
70 1 580 196 166
70 2 620 237 207
70 3 619 236 207
71 0 31 927 967
71 1 29 925 965
71 2 31 925 966
71 3 32767 -32768 32767
72 0 940 351 309
72 1 973 383 341
72 2 940 351 308
72 3 939 350 309
73 0 22 1203 1250
73 1 23 1205 1253
73 2 -16 1163 1211
73 3 32767 -32768 32767
74 0 590 273 253
74 1 32767 32766 32767
74 2 32767 32766 32767
74 3 32767 32766 32767
75 0 615 267 251
75 1 32767 32766 32767
75 2 32767 32766 32767
75 3 32767 32766 32767
76 0 58 1071 1129
76 1 58 1071 1129
76 2 58 1071 1129
76 3 32767 -32768 32767
77 0 584 227 206
77 1 592 238 217
77 2 32767 32766 32767
77 3 32767 32766 32767
78 0 57 1027 1088
78 1 57 1028 1088
78 2 57 1026 1088
78 3 32767 -32768 32767
79 0 573 261 238
79 1 587 278 255
79 2 32767 32766 32767
79 3 32767 32766 32767
80 0 777 339 310
80 1 32767 32766 32767
80 2 32767 32766 32767
80 3 32767 32766 32767
81 0 25 1114 1137
81 1 25 1115 1137
81 2 25 1113 1137
81 3 32767 -32768 32767
82 0 523 215 196
82 1 32767 32766 32767
82 2 32767 32766 32767
82 3 32767 32766 32767
83 0 23 1056 1108
83 1 23 1056 1108
83 2 23 1056 1108
83 3 32767 -32768 32767
84 0 505 185 162
84 1 32767 32766 32767
84 2 32767 32766 32767
84 3 32767 32766 32767
85 0 8 920 922
85 1 -22 889 891
85 2 8 921 922
85 3 32767 -32768 32767
86 0 847 368 332
86 1 32767 32766 32767
86 2 32767 32766 32767
86 3 32767 32766 32767
87 0 1583 665 601
87 1 1584 665 601
87 2 1583 665 602
87 3 1581 664 600
